00110010001100000000
00110000000100000000
00110001001000000000
00110110001000000000
00110111000100000000
00110011000100000000
01010010000000011100
11111111111111111111
11111111111111111111
11111111111111111111
11111111111111111111
11111111111111111111
00000011011100000000
00000000011100010000
11111111111111111111
11111111111111111111
11111111111111111111
11111111111111111111
00000001001100000000
00010010001001100000
11111111111111111111
11111111111111111111
11111111111111111111
11111111111111111111
01100010011100001100
11111111111111111111
11111111111111111111
11111111111111111111
01000000101100000000
11100000000000000000